# Blender v2.79 (sub 0) OBJ File: 'TestbedWalls.blend'
# www.blender.org
mtllib TestbedWalls.mtl
o Cube
v 0.484186 0.000000 -0.132642
v 0.484186 0.000000 0.132642
v -0.484186 0.000000 0.132642
v -0.484186 0.000000 -0.132642
v 0.484186 2.000000 -0.132641
v 0.484185 2.000000 0.132642
v -0.484186 2.000000 0.132642
v -0.484186 2.000000 -0.132642
vn 0.0000 -1.0000 0.0000
vn 0.0000 1.0000 0.0000
vn 1.0000 0.0000 0.0000
vn -0.0000 -0.0000 1.0000
vn -1.0000 -0.0000 -0.0000
vn 0.0000 0.0000 -1.0000
usemtl Material
s off
f 1//1 2//1 3//1 4//1
f 5//2 8//2 7//2 6//2
f 1//3 5//3 6//3 2//3
f 2//4 6//4 7//4 3//4
f 3//5 7//5 8//5 4//5
f 5//6 1//6 4//6 8//6
o Cube.001
v 1.369862 0.050649 -0.448418
v 1.455407 0.050649 -0.197306
v 0.538765 0.050649 0.114961
v 0.453220 0.050649 -0.136151
v 1.369862 2.423887 -0.448418
v 1.455407 2.423887 -0.197306
v 0.538765 2.423887 0.114961
v 0.453220 2.423887 -0.136151
vn 0.0000 -1.0000 0.0000
vn 0.0000 1.0000 0.0000
vn 0.9466 0.0000 -0.3225
vn 0.3225 -0.0000 0.9466
vn -0.9466 -0.0000 0.3225
vn -0.3225 0.0000 -0.9466
usemtl Material.001
s off
f 9//7 10//7 11//7 12//7
f 13//8 16//8 15//8 14//8
f 9//9 13//9 14//9 10//9
f 10//10 14//10 15//10 11//10
f 11//11 15//11 16//11 12//11
f 13//12 9//12 12//12 16//12
o Cube.002
v 2.336271 0.000000 -0.269735
v 2.284677 0.000000 -0.009518
v 1.334796 0.000000 -0.197853
v 1.386390 0.000000 -0.458071
v 2.336271 2.000000 -0.269735
v 2.284677 2.000000 -0.009518
v 1.334796 2.000000 -0.197853
v 1.386390 2.000000 -0.458071
vn 0.0000 -1.0000 0.0000
vn 0.0000 1.0000 0.0000
vn 0.9809 -0.0000 0.1945
vn -0.1945 -0.0000 0.9809
vn -0.9809 0.0000 -0.1945
vn 0.1945 0.0000 -0.9809
usemtl Material.002
s off
f 17//13 18//13 19//13 20//13
f 21//14 24//14 23//14 22//14
f 17//15 21//15 22//15 18//15
f 18//16 22//16 23//16 19//16
f 19//17 23//17 24//17 20//17
f 21//18 17//18 20//18 24//18
o Cube.003
v 2.320066 -0.018488 -1.031927
v 2.577511 -0.018488 -0.967919
v 2.343859 -0.018488 -0.028158
v 2.086414 -0.018488 -0.092167
v 2.320066 2.755608 -1.031927
v 2.577511 2.755608 -0.967919
v 2.343859 2.755608 -0.028158
v 2.086414 2.755608 -0.092167
vn 0.0000 -1.0000 0.0000
vn 0.0000 1.0000 0.0000
vn 0.2413 -0.0000 -0.9705
vn 0.9705 0.0000 0.2413
vn -0.2413 -0.0000 0.9705
vn -0.9705 0.0000 -0.2413
usemtl Material.003
s off
f 25//19 26//19 27//19 28//19
f 29//20 32//20 31//20 30//20
f 25//21 29//21 30//21 26//21
f 26//22 30//22 31//22 27//22
f 27//23 31//23 32//23 28//23
f 29//24 25//24 28//24 32//24
o Cube.006
v -2.247602 0.000000 -0.051238
v -2.247602 0.000000 0.214045
v -3.215974 0.000000 0.214045
v -3.215973 0.000000 -0.051238
v -2.247602 2.000000 -0.051238
v -2.247602 2.000000 0.214045
v -3.215974 2.000000 0.214045
v -3.215974 2.000000 -0.051238
vn 0.0000 -1.0000 0.0000
vn 0.0000 1.0000 0.0000
vn 1.0000 -0.0000 0.0000
vn -0.0000 -0.0000 1.0000
vn -1.0000 -0.0000 -0.0000
vn 0.0000 0.0000 -1.0000
usemtl Material.006
s off
f 33//25 34//25 35//25 36//25
f 37//26 40//26 39//26 38//26
f 33//27 37//27 38//27 34//27
f 34//28 38//28 39//28 35//28
f 35//29 39//29 40//29 36//29
f 37//30 33//30 36//30 40//30
o Cube.005
v -1.361926 0.050649 -0.367015
v -1.276381 0.050649 -0.115903
v -2.193023 0.050649 0.196364
v -2.278568 0.050649 -0.054748
v -1.361926 2.423887 -0.367015
v -1.276381 2.423887 -0.115903
v -2.193023 2.423887 0.196364
v -2.278568 2.423887 -0.054748
vn 0.0000 -1.0000 -0.0000
vn 0.0000 1.0000 -0.0000
vn 0.9466 0.0000 -0.3225
vn 0.3225 0.0000 0.9466
vn -0.9466 -0.0000 0.3225
vn -0.3225 0.0000 -0.9466
usemtl Material.005
s off
f 41//31 42//31 43//31 44//31
f 45//32 48//32 47//32 46//32
f 41//33 45//33 46//33 42//33
f 42//34 46//34 47//34 43//34
f 43//35 47//35 48//35 44//35
f 45//36 41//36 44//36 48//36
o Cube.004
v -0.395517 0.000000 -0.188332
v -0.447111 0.000000 0.071885
v -1.396992 0.000000 -0.116450
v -1.345397 0.000000 -0.376667
v -0.395517 2.000000 -0.188332
v -0.447111 2.000000 0.071885
v -1.396992 2.000000 -0.116450
v -1.345398 2.000000 -0.376667
vn 0.0000 -1.0000 0.0000
vn 0.0000 1.0000 0.0000
vn 0.9809 0.0000 0.1945
vn -0.1945 -0.0000 0.9809
vn -0.9809 -0.0000 -0.1945
vn 0.1945 0.0000 -0.9809
usemtl Material.004
s off
f 49//37 50//37 51//37 52//37
f 53//38 56//38 55//38 54//38
f 49//39 53//39 54//39 50//39
f 50//40 54//40 55//40 51//40
f 51//41 55//41 56//41 52//41
f 53//42 49//42 52//42 56//42
o Cube.013
v -5.123258 0.000000 -1.076008
v -5.336415 0.000000 -0.918086
v -5.912882 0.000000 -1.696179
v -5.699726 0.000000 -1.854101
v -5.123258 2.000000 -1.076008
v -5.336415 2.000000 -0.918086
v -5.912882 2.000000 -1.696179
v -5.699726 2.000000 -1.854101
vn 0.0000 -1.0000 0.0000
vn 0.0000 1.0000 0.0000
vn 0.5953 -0.0000 0.8035
vn -0.8035 -0.0000 0.5953
vn -0.5953 -0.0000 -0.8035
vn 0.8035 -0.0000 -0.5953
usemtl Material.013
s off
f 57//43 58//43 59//43 60//43
f 61//44 64//44 63//44 62//44
f 57//45 61//45 62//45 58//45
f 58//46 62//46 63//46 59//46
f 59//47 63//47 64//47 60//47
f 61//48 57//48 60//48 64//48
o Cube.012
v -4.342290 0.050649 -0.552342
v -4.493135 0.050649 -0.334120
v -5.289718 0.050649 -0.884757
v -5.138872 0.050649 -1.102978
v -4.342290 2.423887 -0.552342
v -4.493136 2.423887 -0.334121
v -5.289718 2.423887 -0.884757
v -5.138872 2.423887 -1.102978
vn 0.0000 -1.0000 -0.0000
vn 0.0000 1.0000 0.0000
vn 0.8226 0.0000 0.5686
vn -0.5686 -0.0000 0.8226
vn -0.8226 0.0000 -0.5686
vn 0.5686 0.0000 -0.8226
usemtl Material.012
s off
f 65//49 66//49 67//49 68//49
f 69//50 72//50 71//50 70//50
f 65//51 69//51 70//51 66//51
f 66//52 70//52 71//52 67//52
f 67//53 71//53 72//53 68//53
f 69//54 65//54 68//54 72//54
o Cube.011
v -3.910563 0.000000 0.330543
v -4.150363 0.000000 0.443993
v -4.564495 0.000000 -0.431357
v -4.324695 0.000000 -0.544807
v -3.910563 2.000000 0.330543
v -4.150364 2.000000 0.443993
v -4.564495 2.000000 -0.431357
v -4.324695 2.000000 -0.544807
vn 0.0000 -1.0000 0.0000
vn 0.0000 1.0000 0.0000
vn 0.4277 0.0000 0.9039
vn -0.9039 -0.0000 0.4277
vn -0.4277 0.0000 -0.9039
vn 0.9039 -0.0000 -0.4277
usemtl Material.011
s off
f 73//55 74//55 75//55 76//55
f 77//56 80//56 79//56 78//56
f 73//57 77//57 78//57 74//57
f 74//58 78//58 79//58 75//58
f 75//59 79//59 80//59 76//59
f 77//60 73//60 76//60 80//60
o Cube.010
v -3.307784 -0.018488 -0.136208
v -3.205959 -0.018488 0.108755
v -4.100155 -0.018488 0.480450
v -4.201980 -0.018488 0.235487
v -3.307784 2.755608 -0.136208
v -3.205959 2.755608 0.108755
v -4.100155 2.755608 0.480450
v -4.201980 2.755608 0.235487
vn 0.0000 -1.0000 0.0000
vn 0.0000 1.0000 0.0000
vn 0.9234 -0.0000 -0.3838
vn 0.3838 0.0000 0.9234
vn -0.9234 -0.0000 0.3838
vn -0.3838 0.0000 -0.9234
usemtl Material.010
s off
f 81//61 82//61 83//61 84//61
f 85//62 88//62 87//62 86//62
f 81//63 85//63 86//63 82//63
f 82//64 86//64 87//64 83//64
f 83//65 87//65 88//65 84//65
f 85//66 81//66 84//66 88//66
o Cube.009
v -5.602194 0.000000 -1.816007
v -5.841994 0.000000 -1.702557
v -6.256126 0.000000 -2.577907
v -6.016326 0.000000 -2.691358
v -5.602194 2.000000 -1.816007
v -5.841995 2.000000 -1.702557
v -6.256126 2.000000 -2.577908
v -6.016326 2.000000 -2.691358
vn 0.0000 -1.0000 0.0000
vn 0.0000 1.0000 0.0000
vn 0.4277 0.0000 0.9039
vn -0.9039 0.0000 0.4277
vn -0.4277 -0.0000 -0.9039
vn 0.9039 0.0000 -0.4277
usemtl Material.009
s off
f 89//67 90//67 91//67 92//67
f 93//68 96//68 95//68 94//68
f 89//69 93//69 94//69 90//69
f 90//70 94//70 95//70 91//70
f 91//71 95//71 96//71 92//71
f 93//72 89//72 92//72 96//72
o Cube.008
v -6.033920 0.050649 -2.698892
v -6.184766 0.050649 -2.480670
v -6.981348 0.050649 -3.031307
v -6.830503 0.050649 -3.249528
v -6.033920 2.423887 -2.698892
v -6.184766 2.423887 -2.480670
v -6.981348 2.423887 -3.031307
v -6.830503 2.423887 -3.249528
vn 0.0000 -1.0000 -0.0000
vn 0.0000 1.0000 0.0000
vn 0.8226 0.0000 0.5686
vn -0.5686 -0.0000 0.8226
vn -0.8226 0.0000 -0.5686
vn 0.5686 0.0000 -0.8226
usemtl Material.008
s off
f 97//73 98//73 99//73 100//73
f 101//74 104//74 103//74 102//74
f 97//75 101//75 102//75 98//75
f 98//76 102//76 103//76 99//76
f 99//77 103//77 104//77 100//77
f 101//78 97//78 100//78 104//78
o Cube.007
v -6.814889 0.000000 -3.222558
v -7.028046 0.000000 -3.064636
v -7.604513 0.000000 -3.842729
v -7.391356 0.000000 -4.000650
v -6.814889 2.000000 -3.222558
v -7.028046 2.000000 -3.064636
v -7.604513 2.000000 -3.842729
v -7.391356 2.000000 -4.000650
vn 0.0000 -1.0000 0.0000
vn 0.0000 1.0000 0.0000
vn 0.5953 0.0000 0.8035
vn -0.8035 -0.0000 0.5953
vn -0.5953 0.0000 -0.8035
vn 0.8035 0.0000 -0.5953
usemtl Material.007
s off
f 105//79 106//79 107//79 108//79
f 109//80 112//80 111//80 110//80
f 105//81 109//81 110//81 106//81
f 106//82 110//82 111//82 107//82
f 107//83 111//83 112//83 108//83
f 109//84 105//84 108//84 112//84
o Cube.027
v 0.484186 0.000000 2.890450
v 0.484186 0.000000 3.155733
v -0.484186 0.000000 3.155733
v -0.484186 0.000000 2.890450
v 0.484186 2.000000 2.890450
v 0.484185 2.000000 3.155733
v -0.484186 2.000000 3.155733
v -0.484186 2.000000 2.890450
vn 0.0000 -1.0000 0.0000
vn 0.0000 1.0000 0.0000
vn 1.0000 0.0000 0.0000
vn 0.0000 0.0000 1.0000
vn -1.0000 -0.0000 -0.0000
vn 0.0000 0.0000 -1.0000
usemtl Material.027
s off
f 113//85 114//85 115//85 116//85
f 117//86 120//86 119//86 118//86
f 113//87 117//87 118//87 114//87
f 114//88 118//88 119//88 115//88
f 115//89 119//89 120//89 116//89
f 117//90 113//90 116//90 120//90
o Cube.026
v 1.369862 0.050649 2.574673
v 1.455407 0.050649 2.825785
v 0.538765 0.050649 3.138053
v 0.453220 0.050649 2.886941
v 1.369862 2.423887 2.574673
v 1.455407 2.423887 2.825786
v 0.538765 2.423887 3.138053
v 0.453220 2.423887 2.886941
vn 0.0000 -1.0000 0.0000
vn 0.0000 1.0000 0.0000
vn 0.9466 -0.0000 -0.3225
vn 0.3225 -0.0000 0.9466
vn -0.9466 -0.0000 0.3225
vn -0.3225 0.0000 -0.9466
usemtl Material.026
s off
f 121//91 122//91 123//91 124//91
f 125//92 128//92 127//92 126//92
f 121//93 125//93 126//93 122//93
f 122//94 126//94 127//94 123//94
f 123//95 127//95 128//95 124//95
f 125//96 121//96 124//96 128//96
o Cube.025
v 2.336271 0.000000 2.753356
v 2.284677 0.000000 3.013574
v 1.334796 0.000000 2.825238
v 1.386390 0.000000 2.565021
v 2.336271 2.000000 2.753356
v 2.284677 2.000000 3.013574
v 1.334796 2.000000 2.825238
v 1.386390 2.000000 2.565021
vn 0.0000 -1.0000 0.0000
vn 0.0000 1.0000 0.0000
vn 0.9809 0.0000 0.1945
vn -0.1945 -0.0000 0.9809
vn -0.9809 0.0000 -0.1945
vn 0.1945 0.0000 -0.9809
usemtl Material.025
s off
f 129//97 130//97 131//97 132//97
f 133//98 136//98 135//98 134//98
f 129//99 133//99 134//99 130//99
f 130//100 134//100 135//100 131//100
f 131//101 135//101 136//101 132//101
f 133//102 129//102 132//102 136//102
o Cube.024
v 2.320066 -0.018488 1.991164
v 2.577511 -0.018488 2.055173
v 2.343859 -0.018488 2.994933
v 2.086414 -0.018488 2.930925
v 2.320066 2.755608 1.991164
v 2.577511 2.755608 2.055173
v 2.343859 2.755608 2.994934
v 2.086414 2.755608 2.930925
vn 0.0000 -1.0000 0.0000
vn 0.0000 1.0000 0.0000
vn 0.2413 -0.0000 -0.9705
vn 0.9705 -0.0000 0.2413
vn -0.2413 -0.0000 0.9705
vn -0.9705 0.0000 -0.2413
usemtl Material.024
s off
f 137//103 138//103 139//103 140//103
f 141//104 144//104 143//104 142//104
f 137//105 141//105 142//105 138//105
f 138//106 142//106 143//106 139//106
f 139//107 143//107 144//107 140//107
f 141//108 137//108 140//108 144//108
o Cube.023
v -0.395517 0.000000 2.834759
v -0.447111 0.000000 3.094977
v -1.396992 0.000000 2.906642
v -1.345397 0.000000 2.646424
v -0.395517 2.000000 2.834759
v -0.447111 2.000000 3.094977
v -1.396992 2.000000 2.906642
v -1.345398 2.000000 2.646424
vn 0.0000 -1.0000 0.0000
vn 0.0000 1.0000 0.0000
vn 0.9809 0.0000 0.1945
vn -0.1945 -0.0000 0.9809
vn -0.9809 0.0000 -0.1945
vn 0.1945 -0.0000 -0.9809
usemtl Material.023
s off
f 145//109 146//109 147//109 148//109
f 149//110 152//110 151//110 150//110
f 145//111 149//111 150//111 146//111
f 146//112 150//112 151//112 147//112
f 147//113 151//113 152//113 148//113
f 149//114 145//114 148//114 152//114
o Cube.022
v -1.361926 0.050649 2.656076
v -1.276381 0.050649 2.907188
v -2.193023 0.050649 3.219456
v -2.278568 0.050649 2.968344
v -1.361926 2.423887 2.656076
v -1.276381 2.423887 2.907189
v -2.193023 2.423887 3.219456
v -2.278568 2.423887 2.968344
vn 0.0000 -1.0000 -0.0000
vn 0.0000 1.0000 -0.0000
vn 0.9466 0.0000 -0.3225
vn 0.3225 -0.0000 0.9466
vn -0.9466 0.0000 0.3225
vn -0.3225 0.0000 -0.9466
usemtl Material.022
s off
f 153//115 154//115 155//115 156//115
f 157//116 160//116 159//116 158//116
f 153//117 157//117 158//117 154//117
f 154//118 158//118 159//118 155//118
f 155//119 159//119 160//119 156//119
f 157//120 153//120 156//120 160//120
o Cube.021
v -2.247602 0.000000 2.971853
v -2.247602 0.000000 3.237136
v -3.215974 0.000000 3.237136
v -3.215973 0.000000 2.971853
v -2.247602 2.000000 2.971853
v -2.247602 2.000000 3.237136
v -3.215974 2.000000 3.237136
v -3.215974 2.000000 2.971853
vn 0.0000 -1.0000 0.0000
vn 0.0000 1.0000 0.0000
vn 1.0000 0.0000 0.0000
vn 0.0000 0.0000 1.0000
vn -1.0000 -0.0000 -0.0000
vn 0.0000 0.0000 -1.0000
usemtl Material.021
s off
f 161//121 162//121 163//121 164//121
f 165//122 168//122 167//122 166//122
f 161//123 165//123 166//123 162//123
f 162//124 166//124 167//124 163//124
f 163//125 167//125 168//125 164//125
f 165//126 161//126 164//126 168//126
o Cube.020
v -6.814889 0.000000 -0.199466
v -7.028046 0.000000 -0.041544
v -7.604513 0.000000 -0.819637
v -7.391356 0.000000 -0.977559
v -6.814889 2.000000 -0.199466
v -7.028046 2.000000 -0.041545
v -7.604513 2.000000 -0.819637
v -7.391356 2.000000 -0.977559
vn 0.0000 -1.0000 0.0000
vn 0.0000 1.0000 0.0000
vn 0.5953 0.0000 0.8035
vn -0.8035 -0.0000 0.5953
vn -0.5953 -0.0000 -0.8035
vn 0.8035 0.0000 -0.5953
usemtl Material.020
s off
f 169//127 170//127 171//127 172//127
f 173//128 176//128 175//128 174//128
f 169//129 173//129 174//129 170//129
f 170//130 174//130 175//130 171//130
f 171//131 175//131 176//131 172//131
f 173//132 169//132 172//132 176//132
o Cube.019
v -6.033920 0.050649 0.324199
v -6.184766 0.050649 0.542421
v -6.981348 0.050649 -0.008215
v -6.830503 0.050649 -0.226437
v -6.033920 2.423887 0.324199
v -6.184766 2.423887 0.542421
v -6.981348 2.423887 -0.008215
v -6.830503 2.423887 -0.226437
vn 0.0000 -1.0000 -0.0000
vn 0.0000 1.0000 0.0000
vn 0.8226 0.0000 0.5686
vn -0.5686 -0.0000 0.8226
vn -0.8226 0.0000 -0.5686
vn 0.5686 -0.0000 -0.8226
usemtl Material.019
s off
f 177//133 178//133 179//133 180//133
f 181//134 184//134 183//134 182//134
f 177//135 181//135 182//135 178//135
f 178//136 182//136 183//136 179//136
f 179//137 183//137 184//137 180//137
f 181//138 177//138 180//138 184//138
o Cube.018
v -5.602194 0.000000 1.207084
v -5.841994 0.000000 1.320535
v -6.256126 0.000000 0.445184
v -6.016326 0.000000 0.331734
v -5.602194 2.000000 1.207084
v -5.841995 2.000000 1.320534
v -6.256126 2.000000 0.445184
v -6.016326 2.000000 0.331734
vn 0.0000 -1.0000 0.0000
vn 0.0000 1.0000 0.0000
vn 0.4277 0.0000 0.9039
vn -0.9039 -0.0000 0.4277
vn -0.4277 0.0000 -0.9039
vn 0.9039 -0.0000 -0.4277
usemtl Material.018
s off
f 185//139 186//139 187//139 188//139
f 189//140 192//140 191//140 190//140
f 185//141 189//141 190//141 186//141
f 186//142 190//142 191//142 187//142
f 187//143 191//143 192//143 188//143
f 189//144 185//144 188//144 192//144
o Cube.017
v -3.307784 -0.018488 2.886883
v -3.205959 -0.018488 3.131846
v -4.100155 -0.018488 3.503541
v -4.201980 -0.018488 3.258578
v -3.307784 2.755608 2.886883
v -3.205959 2.755608 3.131846
v -4.100155 2.755608 3.503541
v -4.201980 2.755608 3.258578
vn 0.0000 -1.0000 0.0000
vn 0.0000 1.0000 0.0000
vn 0.9234 0.0000 -0.3838
vn 0.3838 0.0000 0.9234
vn -0.9234 0.0000 0.3838
vn -0.3838 0.0000 -0.9234
usemtl Material.017
s off
f 193//145 194//145 195//145 196//145
f 197//146 200//146 199//146 198//146
f 193//147 197//147 198//147 194//147
f 194//148 198//148 199//148 195//148
f 195//149 199//149 200//149 196//149
f 197//150 193//150 196//150 200//150
o Cube.016
v -3.910563 0.000000 3.353634
v -4.150363 0.000000 3.467085
v -4.564495 0.000000 2.591734
v -4.324695 0.000000 2.478284
v -3.910563 2.000000 3.353635
v -4.150364 2.000000 3.467084
v -4.564495 2.000000 2.591734
v -4.324695 2.000000 2.478284
vn 0.0000 -1.0000 0.0000
vn 0.0000 1.0000 0.0000
vn 0.4277 0.0000 0.9039
vn -0.9039 0.0000 0.4277
vn -0.4277 0.0000 -0.9039
vn 0.9039 0.0000 -0.4277
usemtl Material.016
s off
f 201//151 202//151 203//151 204//151
f 205//152 208//152 207//152 206//152
f 201//153 205//153 206//153 202//153
f 202//154 206//154 207//154 203//154
f 203//155 207//155 208//155 204//155
f 205//156 201//156 204//156 208//156
o Cube.015
v -4.342290 0.050649 2.470749
v -4.493135 0.050649 2.688971
v -5.289718 0.050649 2.138335
v -5.138872 0.050649 1.920113
v -4.342290 2.423887 2.470749
v -4.493136 2.423887 2.688971
v -5.289718 2.423887 2.138335
v -5.138872 2.423887 1.920113
vn 0.0000 -1.0000 -0.0000
vn 0.0000 1.0000 0.0000
vn 0.8226 0.0000 0.5686
vn -0.5686 -0.0000 0.8226
vn -0.8226 0.0000 -0.5686
vn 0.5686 0.0000 -0.8226
usemtl Material.015
s off
f 209//157 210//157 211//157 212//157
f 213//158 216//158 215//158 214//158
f 209//159 213//159 214//159 210//159
f 210//160 214//160 215//160 211//160
f 211//161 215//161 216//161 212//161
f 213//162 209//162 212//162 216//162
o Cube.014
v -5.123258 0.000000 1.947083
v -5.336415 0.000000 2.105006
v -5.912882 0.000000 1.326913
v -5.699726 0.000000 1.168991
v -5.123258 2.000000 1.947084
v -5.336415 2.000000 2.105005
v -5.912882 2.000000 1.326913
v -5.699726 2.000000 1.168991
vn 0.0000 -1.0000 0.0000
vn 0.0000 1.0000 0.0000
vn 0.5953 -0.0000 0.8035
vn -0.8035 -0.0000 0.5953
vn -0.5953 -0.0000 -0.8035
vn 0.8035 -0.0000 -0.5953
usemtl Material.014
s off
f 217//163 218//163 219//163 220//163
f 221//164 224//164 223//164 222//164
f 217//165 221//165 222//165 218//165
f 218//166 222//166 223//166 219//166
f 219//167 223//167 224//167 220//167
f 221//168 217//168 220//168 224//168
o Cube.041
v 5.113173 0.000000 -0.449140
v 5.283880 0.000000 -0.246078
v 4.542636 0.000000 0.377060
v 4.371929 0.000000 0.173997
v 5.113173 2.000000 -0.449140
v 5.283880 2.000000 -0.246078
v 4.542636 2.000000 0.377060
v 4.371929 2.000000 0.173997
vn 0.0000 -1.0000 0.0000
vn 0.0000 1.0000 0.0000
vn 0.7655 -0.0000 -0.6435
vn 0.6435 0.0000 0.7655
vn -0.7655 -0.0000 0.6435
vn -0.6435 -0.0000 -0.7655
usemtl Material.041
s off
f 225//169 226//169 227//169 228//169
f 229//170 232//170 231//170 230//170
f 225//171 229//171 230//171 226//171
f 226//172 230//172 231//172 227//172
f 227//173 231//173 232//173 228//173
f 229//174 225//174 228//174 232//174
o Cube.040
v 5.587918 0.050649 -1.260777
v 5.814987 0.050649 -1.123609
v 5.314280 0.050649 -0.294733
v 5.087212 0.050649 -0.431900
v 5.587918 2.423887 -1.260777
v 5.814986 2.423887 -1.123609
v 5.314280 2.423887 -0.294733
v 5.087211 2.423887 -0.431900
vn 0.0000 -1.0000 0.0000
vn 0.0000 1.0000 0.0000
vn 0.5171 -0.0000 -0.8559
vn 0.8559 -0.0000 0.5171
vn -0.5171 -0.0000 0.8559
vn -0.8559 -0.0000 -0.5171
usemtl Material.040
s off
f 233//175 234//175 235//175 236//175
f 237//176 240//176 239//176 238//176
f 233//177 237//177 238//177 234//177
f 234//178 238//178 239//178 235//178
f 235//179 239//179 240//179 236//179
f 237//180 233//180 236//180 240//180
o Cube.039
v 6.442640 0.000000 -1.745878
v 6.570595 0.000000 -1.513493
v 5.722313 0.000000 -1.046416
v 5.594358 0.000000 -1.278801
v 6.442640 2.000000 -1.745878
v 6.570595 2.000000 -1.513493
v 5.722313 2.000000 -1.046416
v 5.594358 2.000000 -1.278801
vn 0.0000 -1.0000 0.0000
vn 0.0000 1.0000 0.0000
vn 0.8760 -0.0000 -0.4823
vn 0.4823 0.0000 0.8760
vn -0.8760 -0.0000 0.4823
vn -0.4823 0.0000 -0.8760
usemtl Material.039
s off
f 241//181 242//181 243//181 244//181
f 245//182 248//182 247//182 246//182
f 241//183 245//183 246//183 242//183
f 242//184 246//184 247//184 243//184
f 243//185 247//185 248//185 244//185
f 245//186 241//186 244//186 248//186
o Cube.038
v 5.939773 -0.018488 -2.318873
v 6.178024 -0.018488 -2.435541
v 6.603901 -0.018488 -1.565845
v 6.365650 -0.018488 -1.449177
v 5.939773 2.755608 -2.318874
v 6.178025 2.755608 -2.435541
v 6.603901 2.755608 -1.565845
v 6.365650 2.755608 -1.449177
vn 0.0000 -1.0000 0.0000
vn 0.0000 1.0000 0.0000
vn -0.4398 -0.0000 -0.8981
vn 0.8981 -0.0000 -0.4398
vn 0.4398 0.0000 0.8981
vn -0.8981 0.0000 0.4398
usemtl Material.038
s off
f 249//187 250//187 251//187 252//187
f 253//188 256//188 255//188 254//188
f 249//189 253//189 254//189 250//189
f 250//190 254//190 255//190 251//190
f 251//191 255//191 256//191 252//191
f 253//192 249//192 252//192 256//192
o Cube.037
v 4.403964 0.000000 0.074312
v 4.531919 0.000000 0.306697
v 3.683637 0.000000 0.773774
v 3.555682 0.000000 0.541389
v 4.403964 2.000000 0.074312
v 4.531919 2.000000 0.306697
v 3.683637 2.000000 0.773774
v 3.555682 2.000000 0.541389
vn 0.0000 -1.0000 0.0000
vn 0.0000 1.0000 0.0000
vn 0.8760 0.0000 -0.4823
vn 0.4823 -0.0000 0.8760
vn -0.8760 0.0000 0.4823
vn -0.4823 0.0000 -0.8760
usemtl Material.037
s off
f 257//193 258//193 259//193 260//193
f 261//194 264//194 263//194 262//194
f 257//195 261//195 262//195 258//195
f 258//196 262//196 263//196 259//196
f 259//197 263//197 264//197 260//197
f 261//198 257//198 260//198 264//198
o Cube.036
v 3.549242 0.050649 0.559413
v 3.776311 0.050649 0.696580
v 3.275604 0.050649 1.525457
v 3.048536 0.050649 1.388289
v 3.549242 2.423887 0.559413
v 3.776311 2.423887 0.696580
v 3.275604 2.423887 1.525457
v 3.048536 2.423887 1.388289
vn 0.0000 -1.0000 -0.0000
vn 0.0000 1.0000 0.0000
vn 0.5171 0.0000 -0.8559
vn 0.8559 -0.0000 0.5171
vn -0.5171 -0.0000 0.8559
vn -0.8559 0.0000 -0.5171
usemtl Material.036
s off
f 265//199 266//199 267//199 268//199
f 269//200 272//200 271//200 270//200
f 265//201 269//201 270//201 266//201
f 266//202 270//202 271//202 267//202
f 267//203 271//203 272//203 268//203
f 269//204 265//204 268//204 272//204
o Cube.035
v 3.074497 0.000000 1.371049
v 3.245204 0.000000 1.574111
v 2.503960 0.000000 2.197249
v 2.333253 0.000000 1.994187
v 3.074497 2.000000 1.371049
v 3.245204 2.000000 1.574112
v 2.503960 2.000000 2.197249
v 2.333253 2.000000 1.994187
vn 0.0000 -1.0000 0.0000
vn 0.0000 1.0000 0.0000
vn 0.7655 0.0000 -0.6435
vn 0.6435 -0.0000 0.7655
vn -0.7655 -0.0000 0.6435
vn -0.6435 0.0000 -0.7655
usemtl Material.035
s off
f 273//205 274//205 275//205 276//205
f 277//206 280//206 279//206 278//206
f 273//207 277//207 278//207 274//207
f 274//208 278//208 279//208 275//208
f 275//209 279//209 280//209 276//209
f 277//210 273//210 276//210 280//210
o Cube.034
v 5.959512 0.000000 -3.382272
v 6.224295 0.000000 -3.398554
v 6.283731 0.000000 -2.432009
v 6.018947 0.000000 -2.415726
v 5.959512 2.000000 -3.382272
v 6.224295 2.000000 -3.398554
v 6.283731 2.000000 -2.432008
v 6.018948 2.000000 -2.415726
vn 0.0000 -1.0000 0.0000
vn 0.0000 1.0000 0.0000
vn -0.0614 0.0000 -0.9981
vn 0.9981 -0.0000 -0.0614
vn 0.0614 -0.0000 0.9981
vn -0.9981 0.0000 0.0614
usemtl Material.034
s off
f 281//211 282//211 283//211 284//211
f 285//212 288//212 287//212 286//212
f 281//213 285//213 286//213 282//213
f 282//214 286//214 287//214 283//214
f 283//215 287//215 288//215 284//215
f 285//216 281//216 284//216 288//216
o Cube.033
v 5.589971 0.050649 -4.246897
v 5.835359 0.050649 -4.347693
v 6.203298 0.050649 -3.451945
v 5.957910 0.050649 -3.351149
v 5.589971 2.423887 -4.246897
v 5.835359 2.423887 -4.347692
v 6.203298 2.423887 -3.451945
v 5.957910 2.423887 -3.351149
vn 0.0000 -1.0000 0.0000
vn 0.0000 1.0000 0.0000
vn -0.3800 -0.0000 -0.9250
vn 0.9250 0.0000 -0.3800
vn 0.3800 0.0000 0.9250
vn -0.9250 0.0000 0.3800
usemtl Material.033
s off
f 289//217 290//217 291//217 292//217
f 293//218 296//218 295//218 294//218
f 289//219 293//219 294//219 290//219
f 290//220 294//220 295//220 291//220
f 291//221 295//221 296//221 292//221
f 293//222 289//222 292//222 296//222
o Cube.032
v 5.709002 0.000000 -5.222450
v 5.971896 0.000000 -5.186925
v 5.842216 0.000000 -4.227276
v 5.579322 0.000000 -4.262801
v 5.709002 2.000000 -5.222451
v 5.971896 2.000000 -5.186924
v 5.842216 2.000000 -4.227276
v 5.579322 2.000000 -4.262801
vn 0.0000 -1.0000 0.0000
vn 0.0000 1.0000 0.0000
vn 0.1339 0.0000 -0.9910
vn 0.9910 0.0000 0.1339
vn -0.1339 0.0000 0.9910
vn -0.9910 -0.0000 -0.1339
usemtl Material.032
s off
f 297//223 298//223 299//223 300//223
f 301//224 304//224 303//224 302//224
f 297//225 301//225 302//225 298//225
f 298//226 302//226 303//226 299//226
f 299//227 303//227 304//227 300//227
f 301//228 297//228 300//228 304//228
o Cube.031
v 4.700324 -0.018488 -7.881137
v 4.748410 -0.018488 -8.142026
v 5.700740 -0.018488 -7.966494
v 5.652653 -0.018488 -7.705606
v 4.700323 2.755608 -7.881138
v 4.748410 2.755608 -8.142026
v 5.700740 2.755608 -7.966494
v 5.652653 2.755608 -7.705606
vn 0.0000 -1.0000 -0.0000
vn 0.0000 1.0000 0.0000
vn -0.9834 -0.0000 -0.1813
vn 0.1813 0.0000 -0.9834
vn 0.9834 0.0000 0.1813
vn -0.1813 0.0000 0.9834
usemtl Material.031
s off
f 305//229 306//229 307//229 308//229
f 309//230 312//230 311//230 310//230
f 305//231 309//231 310//231 306//231
f 306//232 310//232 311//232 307//232
f 307//233 311//233 312//233 308//233
f 309//234 305//234 308//234 312//234
o Cube.030
v 5.460083 0.000000 -7.944092
v 5.722977 0.000000 -7.908566
v 5.593297 0.000000 -6.948917
v 5.330404 0.000000 -6.984443
v 5.460083 2.000000 -7.944092
v 5.722977 2.000000 -7.908566
v 5.593297 2.000000 -6.948917
v 5.330404 2.000000 -6.984443
vn 0.0000 -1.0000 0.0000
vn 0.0000 1.0000 0.0000
vn 0.1339 0.0000 -0.9910
vn 0.9910 0.0000 0.1339
vn -0.1339 0.0000 0.9910
vn -0.9910 0.0000 -0.1339
usemtl Material.030
s off
f 313//235 314//235 315//235 316//235
f 317//236 320//236 319//236 318//236
f 313//237 317//237 318//237 314//237
f 314//238 318//238 319//238 315//238
f 315//239 319//239 320//239 316//239
f 317//240 313//240 316//240 320//240
o Cube.029
v 5.341053 0.050649 -6.968538
v 5.586441 0.050649 -7.069334
v 5.954380 0.050649 -6.173586
v 5.708992 0.050649 -6.072790
v 5.341053 2.423887 -6.968538
v 5.586441 2.423887 -7.069334
v 5.954380 2.423887 -6.173586
v 5.708992 2.423887 -6.072790
vn 0.0000 -1.0000 0.0000
vn 0.0000 1.0000 0.0000
vn -0.3800 0.0000 -0.9250
vn 0.9250 0.0000 -0.3800
vn 0.3800 0.0000 0.9250
vn -0.9250 0.0000 0.3800
usemtl Material.029
s off
f 321//241 322//241 323//241 324//241
f 325//242 328//242 327//242 326//242
f 321//243 325//243 326//243 322//243
f 322//244 326//244 327//244 323//244
f 323//245 327//245 328//245 324//245
f 325//246 321//246 324//246 328//246
o Cube.028
v 5.710594 0.000000 -6.103913
v 5.975377 0.000000 -6.120195
v 6.034812 0.000000 -5.153649
v 5.770029 0.000000 -5.137368
v 5.710594 2.000000 -6.103913
v 5.975377 2.000000 -6.120195
v 6.034812 2.000000 -5.153649
v 5.770030 2.000000 -5.137367
vn 0.0000 -1.0000 0.0000
vn 0.0000 1.0000 0.0000
vn -0.0614 0.0000 -0.9981
vn 0.9981 0.0000 -0.0614
vn 0.0614 -0.0000 0.9981
vn -0.9981 -0.0000 0.0614
usemtl Material.028
s off
f 329//247 330//247 331//247 332//247
f 333//248 336//248 335//248 334//248
f 329//249 333//249 334//249 330//249
f 330//250 334//250 335//250 331//250
f 331//251 335//251 336//251 332//251
f 333//252 329//252 332//252 336//252
o Cube.055
v -4.467559 0.000000 -6.804208
v -4.411377 0.000000 -7.063474
v -3.464971 0.000000 -6.858390
v -3.521154 0.000000 -6.599124
v -4.467559 2.000000 -6.804208
v -4.411376 2.000000 -7.063474
v -3.464971 2.000000 -6.858390
v -3.521153 2.000000 -6.599124
vn 0.0000 -1.0000 0.0000
vn 0.0000 1.0000 0.0000
vn -0.9773 0.0000 -0.2118
vn 0.2118 -0.0000 -0.9773
vn 0.9773 -0.0000 0.2118
vn -0.2118 0.0000 0.9773
usemtl Material.055
s off
f 337//253 338//253 339//253 340//253
f 341//254 344//254 343//254 342//254
f 337//255 341//255 342//255 338//255
f 338//256 342//256 343//256 339//256
f 339//257 343//257 344//257 340//257
f 341//258 337//258 340//258 344//258
o Cube.054
v -5.400022 0.050649 -6.683166
v -5.430445 0.050649 -6.946698
v -4.468463 0.050649 -7.057755
v -4.438039 0.050649 -6.794221
v -5.400022 2.423887 -6.683166
v -5.430445 2.423887 -6.946699
v -4.468462 2.423887 -7.057755
v -4.438039 2.423887 -6.794222
vn 0.0000 -1.0000 0.0000
vn 0.0000 1.0000 0.0000
vn -0.9934 -0.0000 0.1147
vn -0.1147 -0.0000 -0.9934
vn 0.9934 -0.0000 -0.1147
vn 0.1147 0.0000 0.9934
usemtl Material.054
s off
f 345//259 346//259 347//259 348//259
f 349//260 352//260 351//260 350//260
f 345//261 349//261 350//261 346//261
f 346//262 350//262 351//262 347//262
f 347//263 351//263 352//263 348//263
f 349//264 345//264 348//264 352//264
o Cube.053
v -6.306668 0.000000 -7.062463
v -6.201135 0.000000 -7.305851
v -5.312686 0.000000 -6.920620
v -5.418220 0.000000 -6.677232
v -6.306668 2.000000 -7.062463
v -6.201135 2.000000 -7.305851
v -5.312686 2.000000 -6.920620
v -5.418220 2.000000 -6.677232
vn 0.0000 -1.0000 0.0000
vn 0.0000 1.0000 0.0000
vn -0.9175 0.0000 -0.3978
vn 0.3978 0.0000 -0.9175
vn 0.9175 0.0000 0.3978
vn -0.3978 0.0000 0.9175
usemtl Material.053
s off
f 353//265 354//265 355//265 356//265
f 357//266 360//266 359//266 358//266
f 353//267 357//267 358//267 354//267
f 354//268 358//268 359//268 355//268
f 355//269 359//269 360//269 356//269
f 357//270 353//270 356//270 360//270
o Cube.052
v -6.452248 -0.018488 -6.314128
v -6.690298 -0.018488 -6.431207
v -6.262921 -0.018488 -7.300167
v -6.024872 -0.018488 -7.183088
v -6.452249 2.755608 -6.314127
v -6.690298 2.755608 -6.431207
v -6.262921 2.755608 -7.300167
v -6.024872 2.755608 -7.183088
vn 0.0000 -1.0000 -0.0000
vn 0.0000 1.0000 0.0000
vn -0.4413 -0.0000 0.8973
vn -0.8973 0.0000 -0.4413
vn 0.4413 0.0000 -0.8973
vn 0.8973 0.0000 0.4413
usemtl Material.052
s off
f 361//271 362//271 363//271 364//271
f 365//272 368//272 367//272 366//272
f 361//273 365//273 366//273 362//273
f 362//274 366//274 367//274 363//274
f 363//275 367//275 368//275 364//275
f 365//276 361//276 364//276 368//276
o Cube.051
v -3.619605 0.000000 -6.563477
v -3.514072 0.000000 -6.806865
v -2.625624 0.000000 -6.421634
v -2.731157 0.000000 -6.178246
v -3.619605 2.000000 -6.563477
v -3.514072 2.000000 -6.806865
v -2.625623 2.000000 -6.421634
v -2.731157 2.000000 -6.178246
vn 0.0000 -1.0000 0.0000
vn 0.0000 1.0000 0.0000
vn -0.9175 0.0000 -0.3978
vn 0.3978 -0.0000 -0.9175
vn 0.9175 -0.0000 0.3978
vn -0.3978 0.0000 0.9175
usemtl Material.051
s off
f 369//277 370//277 371//277 372//277
f 373//278 376//278 375//278 374//278
f 369//279 373//279 374//279 370//279
f 370//280 374//280 375//280 371//280
f 371//281 375//281 376//281 372//281
f 373//282 369//282 372//282 376//282
o Cube.050
v -2.712959 0.050649 -6.184177
v -2.743383 0.050649 -6.447710
v -1.781401 0.050649 -6.558766
v -1.750977 0.050649 -6.295233
v -2.712960 2.423887 -6.184177
v -2.743383 2.423887 -6.447711
v -1.781400 2.423887 -6.558766
v -1.750977 2.423887 -6.295234
vn 0.0000 -1.0000 0.0000
vn 0.0000 1.0000 0.0000
vn -0.9934 -0.0000 0.1147
vn -0.1147 -0.0000 -0.9934
vn 0.9934 -0.0000 -0.1147
vn 0.1147 0.0000 0.9934
usemtl Material.050
s off
f 377//283 378//283 379//283 380//283
f 381//284 384//284 383//284 382//284
f 377//285 381//285 382//285 378//285
f 378//286 382//286 383//286 379//286
f 379//287 383//287 384//287 380//287
f 381//288 377//288 380//288 384//288
o Cube.049
v -1.780497 0.000000 -6.305221
v -1.724315 0.000000 -6.564487
v -0.777909 0.000000 -6.359403
v -0.834092 0.000000 -6.100137
v -1.780498 2.000000 -6.305221
v -1.724315 2.000000 -6.564487
v -0.777909 2.000000 -6.359403
v -0.834092 2.000000 -6.100137
vn 0.0000 -1.0000 0.0000
vn 0.0000 1.0000 0.0000
vn -0.9773 0.0000 -0.2118
vn 0.2118 -0.0000 -0.9773
vn 0.9773 -0.0000 0.2118
vn -0.2118 0.0000 0.9773
usemtl Material.049
s off
f 385//289 386//289 387//289 388//289
f 389//290 392//290 391//290 390//290
f 385//291 389//291 390//291 386//291
f 386//292 390//292 391//292 387//292
f 387//293 391//293 392//293 388//293
f 389//294 385//294 388//294 392//294
o Cube.048
v 2.011560 0.000000 -2.238567
v 2.253327 0.000000 -2.347764
v 2.651932 0.000000 -1.465235
v 2.410165 0.000000 -1.356039
v 2.011560 2.000000 -2.238567
v 2.253327 2.000000 -2.347764
v 2.651932 2.000000 -1.465235
v 2.410166 2.000000 -1.356038
vn 0.0000 -1.0000 0.0000
vn 0.0000 1.0000 0.0000
vn -0.4116 0.0000 -0.9114
vn 0.9114 0.0000 -0.4116
vn 0.4116 -0.0000 0.9114
vn -0.9114 0.0000 0.4116
usemtl Material.048
s off
f 393//295 394//295 395//295 396//295
f 397//296 400//296 399//296 398//296
f 393//297 397//297 398//297 394//297
f 394//298 398//298 399//298 395//298
f 395//299 399//299 400//299 396//299
f 397//300 393//300 396//300 400//300
o Cube.047
v 1.359210 0.050649 -2.915750
v 1.552849 0.050649 -3.097075
v 2.214748 0.050649 -2.390227
v 2.021108 0.050649 -2.208902
v 1.359210 2.423887 -2.915750
v 1.552850 2.423887 -3.097075
v 2.214748 2.423887 -2.390227
v 2.021108 2.423887 -2.208902
vn 0.0000 -1.0000 0.0000
vn 0.0000 1.0000 0.0000
vn -0.6835 0.0000 -0.7299
vn 0.7299 0.0000 -0.6835
vn 0.6835 -0.0000 0.7299
vn -0.7299 -0.0000 0.6835
usemtl Material.047
s off
f 401//301 402//301 403//301 404//301
f 405//302 408//302 407//302 406//302
f 401//303 405//303 406//303 402//303
f 402//304 406//304 407//304 403//304
f 403//305 407//305 408//305 404//305
f 405//306 401//306 404//306 408//306
o Cube.046
v 1.124255 0.000000 -3.870040
v 1.382643 0.000000 -3.930131
v 1.601997 0.000000 -2.986931
v 1.343610 0.000000 -2.926840
v 1.124256 2.000000 -3.870040
v 1.382643 2.000000 -3.930131
v 1.601997 2.000000 -2.986931
v 1.343610 2.000000 -2.926839
vn 0.0000 -1.0000 0.0000
vn 0.0000 1.0000 0.0000
vn -0.2265 0.0000 -0.9740
vn 0.9740 -0.0000 -0.2265
vn 0.2265 -0.0000 0.9740
vn -0.9740 0.0000 0.2265
usemtl Material.046
s off
f 409//307 410//307 411//307 412//307
f 413//308 416//308 415//308 414//308
f 409//309 413//309 414//309 410//309
f 410//310 414//310 415//310 411//310
f 411//311 415//311 416//311 412//311
f 413//312 409//312 412//312 416//312
o Cube.045
v -0.762359 -0.018488 -5.997652
v -0.809995 -0.018488 -6.258623
v 0.142636 -0.018488 -6.432512
v 0.190272 -0.018488 -6.171541
v -0.762359 2.755608 -5.997652
v -0.809995 2.755608 -6.258623
v 0.142636 2.755608 -6.432512
v 0.190272 2.755608 -6.171541
vn 0.0000 -1.0000 0.0000
vn 0.0000 1.0000 -0.0000
vn -0.9837 0.0000 0.1796
vn -0.1796 0.0000 -0.9837
vn 0.9837 -0.0000 -0.1796
vn 0.1796 0.0000 0.9837
usemtl Material.045
s off
f 417//313 418//313 419//313 420//313
f 421//314 424//314 423//314 422//314
f 417//315 421//315 422//315 418//315
f 418//316 422//316 423//316 419//316
f 419//317 423//317 424//317 420//317
f 421//318 417//318 420//318 424//318
o Cube.044
v -0.074403 0.000000 -6.326157
v 0.183985 0.000000 -6.386248
v 0.403339 0.000000 -5.443048
v 0.144951 0.000000 -5.382957
v -0.074403 2.000000 -6.326157
v 0.183985 2.000000 -6.386248
v 0.403339 2.000000 -5.443048
v 0.144952 2.000000 -5.382956
vn 0.0000 -1.0000 0.0000
vn 0.0000 1.0000 0.0000
vn -0.2265 0.0000 -0.9740
vn 0.9740 0.0000 -0.2265
vn 0.2265 -0.0000 0.9740
vn -0.9740 -0.0000 0.2265
usemtl Material.044
s off
f 425//319 426//319 427//319 428//319
f 429//320 432//320 431//320 430//320
f 425//321 429//321 430//321 426//321
f 426//322 430//322 431//322 427//322
f 427//323 431//323 432//323 428//323
f 429//324 425//324 428//324 432//324
o Cube.043
v 0.160552 0.050649 -5.371866
v 0.354191 0.050649 -5.553192
v 1.016089 0.050649 -4.846344
v 0.822450 0.050649 -4.665019
v 0.160551 2.423887 -5.371867
v 0.354191 2.423887 -5.553192
v 1.016089 2.423887 -4.846344
v 0.822450 2.423887 -4.665019
vn 0.0000 -1.0000 -0.0000
vn 0.0000 1.0000 0.0000
vn -0.6835 -0.0000 -0.7299
vn 0.7299 0.0000 -0.6835
vn 0.6835 -0.0000 0.7299
vn -0.7299 0.0000 0.6835
usemtl Material.043
s off
f 433//325 434//325 435//325 436//325
f 437//326 440//326 439//326 438//326
f 433//327 437//327 438//327 434//327
f 434//328 438//328 439//328 435//328
f 435//329 439//329 440//329 436//329
f 437//330 433//330 436//330 440//330
o Cube.042
v 0.812902 0.000000 -4.694684
v 1.054668 0.000000 -4.803881
v 1.453274 0.000000 -3.921352
v 1.211507 0.000000 -3.812155
v 0.812902 2.000000 -4.694684
v 1.054669 2.000000 -4.803881
v 1.453274 2.000000 -3.921352
v 1.211507 2.000000 -3.812155
vn 0.0000 -1.0000 0.0000
vn 0.0000 1.0000 0.0000
vn -0.4116 0.0000 -0.9114
vn 0.9114 0.0000 -0.4116
vn 0.4116 -0.0000 0.9114
vn -0.9114 0.0000 0.4116
usemtl Material.042
s off
f 441//331 442//331 443//331 444//331
f 445//332 448//332 447//332 446//332
f 441//333 445//333 446//333 442//333
f 442//334 446//334 447//334 443//334
f 443//335 447//335 448//335 444//335
f 445//336 441//336 444//336 448//336
